1655752857292 7.128789901733398 0
1655752858001 0.7871508002281189 1
1655752858453 0.7866241335868835 2
1655752858908 0.7857734560966492 3
1655752859544 0.7850379943847656 4
1655752859942 0.7855429649353027 5
1655752860370 0.7854121923446655 6
1655752860764 0.7879760265350342 7
1655752861164 0.7907580137252808 8
1655752861573 0.7868903875350952 9
1655752861952 0.794323742389679 10
1655752862364 0.7865412831306458 11
1655752862770 0.7877824306488037 12
1655752863227 0.7851417064666748 13
1655752863636 0.7898671627044678 14
1655752864062 0.7916818261146545 15
1655752864553 0.7834447026252747 16
1655752864996 0.7907520532608032 17
1655752865467 0.7893329858779907 18
1655752865932 0.7893170118331909 19
1655752866367 0.7901490926742554 20
1655752866776 0.7885070443153381 21
1655752867186 0.7915670871734619 22
1655752867598 0.7904671430587769 23
1655752868010 0.7888466119766235 24
1655752868477 0.7894498109817505 25
1655752868932 0.7960914373397827 26
1655752869337 0.7887672781944275 27
1655752869760 0.7896127700805664 28
1655752870199 0.7939382195472717 29
1655752870675 0.790004312992096 30
1655752871153 0.7904821038246155 31
1655752871163 0.7857734560966492 32
