1655751914684 1.444356918334961 0
1655751915416 0.7143682837486267 1
1655751915841 0.6300745010375977 2
1655751916222 0.6554133296012878 3
1655751916879 0.6453859806060791 4
1655751917264 0.6250804662704468 5
1655751917646 0.6118690967559814 6
1655751918038 0.6398314237594604 7
1655751918435 0.6204091310501099 8
1655751918848 0.612014651298523 9
1655751919271 0.5818751454353333 10
1655751919847 0.5863069891929626 11
1655751920730 0.5804900527000427 12
1655751921162 0.5872952342033386 13
1655751921550 0.5809273719787598 14
1655751921946 0.599271833896637 15
1655751922338 0.7687444090843201 16
1655751922721 0.7141624093055725 17
1655751923129 0.6833263039588928 18
1655751923537 0.683061957359314 19
1655751923935 0.6776329874992371 20
1655751924360 0.6976532340049744 21
1655751924759 0.6701157093048096 22
1655751925154 0.6752763986587524 23
1655751925693 0.6733889579772949 24
1655751926124 0.655634343624115 25
1655751926617 0.6761424541473389 26
1655751927005 0.6542507410049438 27
1655751927426 0.6559727191925049 28
1655751927809 0.6529566645622253 29
1655751928208 0.6580460667610168 30
1655751928613 0.6780917048454285 31
1655751928621 0.5863069891929626 32
