1655745329599 1.2508249282836914 0
1655745330388 0.6116970181465149 1
1655745331092 0.5612223744392395 2
1655745331739 0.5432786345481873 3
1655745332371 0.537287175655365 4
1655745332786 0.5256227254867554 5
1655745333202 0.5239706635475159 6
1655745333643 0.511013388633728 7
1655745334330 0.5076166987419128 8
1655745334750 0.5116536021232605 9
1655745335423 0.4991481304168701 10
1655745335853 0.4932727813720703 11
1655745336292 0.4979805648326874 12
1655745336720 0.49228474497795105 13
1655745337158 0.49924564361572266 14
1655745337617 0.48927420377731323 15
1655745338251 0.4940463602542877 16
1655745338882 0.48850175738334656 17
1655745339418 0.48951852321624756 18
1655745339952 0.4888593256473541 19
1655745340544 0.47863972187042236 20
1655745341052 0.48527151346206665 21
1655745341963 0.47610870003700256 22
1655745342933 0.47444307804107666 23
1655745343396 0.4783874452114105 24
1655745344176 0.47268351912498474 25
1655745344700 0.4741867482662201 26
1655745345178 0.4707949161529541 27
1655745345692 0.4689478278160095 28
1655745346177 0.4743986129760742 29
1655745346619 0.461468368768692 30
1655745347298 0.46704137325286865 31
1655745347305 0.4783874452114105 32
