1655748619915 1.2161707878112793 0
1655748620622 0.6037203073501587 1
1655748621264 0.5548805594444275 2
1655748621638 0.5491430759429932 3
1655748622235 0.5343786478042603 4
1655748622615 0.5298382043838501 5
1655748623235 0.52357017993927 6
1655748623606 0.5163224339485168 7
1655748623989 0.5167469382286072 8
1655748624342 0.5056687593460083 9
1655748624730 0.5044175982475281 10
1655748625129 0.5025395154953003 11
1655748625510 0.5011048316955566 12
1655748625889 0.4897555410861969 13
1655748626299 0.4950551688671112 14
1655748626957 0.49006375670433044 15
1655748627325 0.4866802990436554 16
1655748627737 0.4965975880622864 17
1655748628111 0.47931891679763794 18
1655748628480 0.4917545020580292 19
1655748628872 0.4741296172142029 20
1655748629250 0.4831942319869995 21
1655748629625 0.47747278213500977 22
1655748630013 0.47807443141937256 23
1655748630397 0.47155335545539856 24
1655748630778 0.4726589620113373 25
1655748631154 0.46821776032447815 26
1655748631550 0.46977105736732483 27
1655748631934 0.4906215965747833 28
1655748632327 0.4662642180919647 29
1655748632746 0.47157928347587585 30
1655748633171 0.4627542495727539 31
1655748633179 0.4950551688671112 32
